522 127 706 507 908 -235 940 -873 188 -392 150 613 159 -722 -890 368 3 650 130 -954 -145 108 -121 -874 413 114 258 -977 -54 -389 -235 220
-204 951 340 413 997 -341 -767 -918 96 290 555 75 -917 -725 634 -7 -608 949 -977 251 670 -500 -156 13 46
-857 -102 -671 853 -99 400 490 -13 -527 -511 -834 -316 -550 780 79 329 -263 509 -441 849 -45 -228 -338 -941 156 -973 169 -940 -843 -364 -586 900 -725 -170 950 -958 -347 -600 -310 802 -610 612 51 20 -563 -383
523 -357 345 16 -775 662 634 -26 -347 -440 -793 -528 -102 617 27 -766 -798 856 452 -857 -128 560 -973 413 962 518 632 -695 -996 247 -392 825 -697 692 -683 209 -372 -513 873 771 852 -961 897 475 -574 -500 -667 26 -406 -871 928 897 162 -105 -991 -923 -586 -116 37 46 -959 424 -353
-39 -292 -232 459 799 209 581 -755 30 886 278 -408 -330 -799 -882 500 941 -430 -751 -419 376 -821 -709 456 738 762 -714 23 938 -97 -424 429 244 -139 873 863 999 -35 949 596 281 -105 987 558 620 -729 -568 999 -206 -875 724 362 -825
-973 -400 416 977 -466 238 188 -854 -249 -192 -836 -406 862 707 621 363 -321 -167 -978 -185 902 -282 20 77 458 22 -802 -720 576 -538 -133 778 -815 -741 205 -183 -426 264 -340 852 -33 884 -670 -616 -77 735 162 -928 212 673 -522 261 556 -932 -20 165 576 -487 631 -752 618 728 109 -360 381 770 -480 -291 976 688 47 -916 -672
665 -184 332 -100 -916 290 847 -57 -300 -909 -687 -933 -557 320 779 338 -432 997 -665 -795 -590 -73 -863 423 96 539 -987 -490 -352 893 -493 -822 354 81 -471 773
2 995 -905 -432 802 -47 -286 -991 -475 192 986 476 349 -269 -773 502 -698 413 971 543 52 -147 701 959 838 -867 -380 -366 -644 -162 -811 523 519 681
660 363 -690 583 269 -91 40 -415 661 774 833 -3 -372 -429 -861 237 967 229 40 413 -337 -308 -53 107 -544 -210 530 -809 899 -708 804 23 362 -812 120 -110 449
-284 736 443 180 -591 -898 -427 296 -716 -779 -330 -707 -664 480 903 509 -651 -35 773 370 -446 -219 -972 396 -946 103 401 -462 -61 329 468 787 522 -814 234 -772 420 177
569 -543 15 -461 518 311 750 476 983 889 -399 -385 -742 216 510 58 289 392 -561 33 516 -764 630 -914 43 -208 688 -787 642 -6 -581 -857 920 424 834 -792 -677 -109 -951
-750 762 -601 685 931 -991 899 861 21 -509 -839 -997 -616 -806 413 -243 -683 -737 -246 230 -81 185 -572 -570 455 -705 -881 -474 540 590 302 -777 67 385 894 711 40 -523 -186 -164 284 191 129 901 -4 625 30 -878 -345
-811 677 890 467 899 -556 -392 440 856 713 976 1 -791 757 -448 -569 50 -244 -213 46 -659 127 -533 807 483 694 565 -455 -513 853 -334 923 -102 -628 256 296 336 -428 132 -760
717 883 -659 -143 -554 643 305 415 -210 911 956 -425 244 -870 749 994 615 791 -639 812 73 657 926 -354 163 -771 793 239 550 -614 922 970 -576 -402 456 33 120 -852 -833 630 301 -57 -25 -851 -184 -69 159 648 980 -207 -285 -542
155 -196 -71 -901 -675 640 -954 180 -423 -810 29 -444 725 867 485 42 -339 -918 407 -38 -387 -663 94 -393 698 -786 363 -443 762
977 -159 -182 133 858 260 -584 -304 -718 233 615 0 698 -562 72 -786 -20 278 -188 746 -200 -451 -179 -191 95 232 310 421 -796 -591 -360 92 -291 648 -170 785 -675 808 973 -97 987 -649 -502 772 976 -611 833 -310 -82 32 -65 495 976 -930 -199 -38 -520 841 568 -956 -264 490 677 -833 81 944 -634 622 920 81 286 211 911
990 -283 -486 99 8 -206 -745 -635 -107 676 305 -104 394 -215 775 308 950 -604 -710 -591 -606 -862 -39 -449 896 565 604 445 -978 -424 119 496 726 625 -214 -645 -721 808 293 7 90 902 -66 114 630 -475 -966 -572 -425 964 -512 842 -161 114 308 30 152 -469 665 -121 -65 -213 739 633 -386 -584 -815 -961
156 853 598 884 -236 505 -262 4 960 -18 744 -83 555 143 -160 869 336 133 849 125 -907 938 -455 -401 393 -188 543 -14 851 839 873 863 571 259 -998 -279 441 -405 472 592 -43 -894 -179 -598 625 -851 -692 -70 -626 738 -281 765 -16 267 789 -640 957 437 352 -133 851 -708
714 -700 -247 -560 -499 72 -994 873 -285 -346 290 8 -876 -65 325 560 -311 853 -772 -758 -726 561 -318 -674 793 967 674 -423 541 -627 612 573 66 -926 -506 -937 661 -401 103 -458 -138 -519 -983 973 871 -177 413 -108 733 -171 154 -435 395 265 -690 371 -840 -982
-945 99 -338 875 -745 249 563 152 202 -718 -490 678 -535 387 192 -55 -707 -448 945 -114 833 -43 -916 -594 268 -646 102 -905 -69 -120 -939 446
712 -466 -768 789 83 630 941 944 269 827 439 915 756 323 497 908 587 249 -203 67 -666 883 -692 -398 -592 218 10 272 -753 -577
-190 -447 142 96 -74 44 -903 -768 -644 164 18 -932 -938 211 674 876 654 -620 -375 -140 235 263 610 -727 74 724 94 -251 549 -518 11 265 -925 -229 -156 926 782 -870 -509 355 308 -508 125 -873 -537 -142 917 -18 -418 521 250 839 -426 -993 -638 368 -63 698 774 -514 -869
170 638 957 662 620 -269 -344 -228 -769 -446 450 721 927 255 364 318 195 -730 -44 295 404 -979 -634 -466 37 229 710 597 93 36 -523 881 565 -830 90 -554 477 -907 326 -628 632 863 26 -145 903 -612 713 -858 -882 -543 -97 704 -319 314 -177 -625 -122 762 -876 786 -720 -999 -645 871 681 301 -767
852 -772 877 114 966 435 321 -338 -506 864 -158 -283 -162 -886 -323 -815 61 -654 -922 -858 904 70 -655 549 -868 -877 -427 472 -268 998 685 -851 409 -218 119 996 -125 -381 657 946 489 382 880 -64 524 205 -728 921 -308 557 -868 198 779 257 0 -913 889 129 300 195 -62 440 844 -160 -294 -195 -378 -863
659 -508 -973 -240 415 -963 131 -430 -264 31 -961 -503 616 135 -678 165 -495 271 -768 -479 -809 962 364 595 -916 146 524
-900 361 -521 -35 -52 827 180 -449 749 744 406 -859 -448 -304 -967 860 -719 229 103 -745 -637 -602 825 251 326 -387 504 -756 185
-873 -831 -801 -950 -765 915 846 846 12 426 967 -853 24 -709 -315 -997 246 -1000 762 -733 346 192 -778 -247 717 -971 375 483 951 184 -964 -844 -468 -778 -859 971 -348 727 252 -798 -729 315 -938 660 57 402 516 716 326 -198 932 891
740 630 126 816 521 -461 -676 485 -750 -922 -259 993 980 -721 847 742 -386 -849 -141 -996 117 554 -964 -900 -153 -740 2 -905 645 -649 -151 -608 391 517 -111 330 -371 651 -164
-569 -891 322 -386 682 -420 63 -8 149 -751 -975 -197 897 -889 -944 -472 -136 255 703 -779 -526 483 571 -269 149 -389 873 697 780 -68 363 -749 350 546 -393
732 869 667 804 39 310 693 160 517 335 -652 261 -871 -895 -396 -32 898 18 748 146 -675 188 252 577 464 771 -431 769 -904 -592 -847 909 -69 -127 -40 -532 -501 -439 -603 -955 -739 -471 625 753 587 132 -977 125 381 656 152 832 -780 100 -972 791 -140 360 419 542
836 -129 44 -671 -50 334 -229 287 208 772 686 -884 -788 -317 597 -63 358 59 -810 135 334 128 747 -646 974 -370 733 503 666 452 -461 755 -845 -182 -100 -31 184
-936 466 712 209 -850 -161 506 295 473 -400 -266 -298 310 -184 -321 562 -594 910 -504 -940 -400 -26 478 -312 115 -476 52 -241 -984 91 443 -749 -772 127 -51 -365 125 31 120 501 -821
-866 -366 4 -384 1 -133 -288 -102 762 -719 621 -316 281 -643 -885 107 -867 -499 33 -521 460 -416 -593 -117 75 894 -135 15 -709 685 -608 794 -719 29 333 -284 -82 633 570 -272 -619 -874 178 -641 -480 -533 903 -466 -619 88 -800 420 -613 -289 804 669 -596
86 496 -84 -940 -598 -112 873 766 -937 -887 -517 733 426 -757 -891 938 -829 856 -646 -354 -358 -254 -870 -179 -60 -30 -439 793 511 -453 110 -67 -749 -363 558 86 336 -743 822 -695 -489 281 -23 -261 -615 541 -345 12 -556 116 441 576
656 512 723 -382 70 792 -772 26 780 -568 -551 102 382 724 -14 508 938 381 957 -528 551 601 -93 585 392 -492 302 -320 734 -162 -810 -226 242 413 -75 -185 -182 248 -226 529 -877 -172 482 -451 -964 -544 478 192 -206 220 915 -52 777 -427 -981 83 -537 -592 -450 260 804 -296 -816 130
161 801 918 261 -855 650 676 -77 -685 -999 511 369 -260 -471 -678 -926 -216 -66 -225 -689 -595 -85 -643 -149 -477 -611 -368 -458 -191 -12 650 141
-916 428 439 -998 59 -655 -122 51 483 -718 804 879 -986 779 983 293 -54 -654 -500 -256 433 -672 889 -413 -659
-178 -699 -603 -39 999 772 -943 589 913 -53 804 -835 891 -629 318 945 -29 -97 138 -227 -708 -767 163 -714 921 -779 -530 893 -63 -311 527 -396 -252 896 536 360 -268 -72 -448 -363 632 -733 88 441 -471 -799 486 523 -437
-137 -164 957 -495 116 -748 -227 -641 305 -516 996 90 -663 -590 -376 -944 -129 383 408 486 133 -12 604 -682 -781 820 -140 -795 -938 -960 678 614 588 -739 335 -276 -909 -667 1 -312 804 50
-18 435 641 769 864 519 -499 34 325 726 -744 -775 -279 -135 918 991 -178 906 -467 -536 727 815 -103 297 -204 -189 438 221 851 -642 -25 244 -989 -558 -32 971 -236 -894 17 196 -96 -664 156 -715 -594 384 -522 679 109 342 930 -523 989 587
464 818 -297 -382 -210 811 -212 6 425 486 -812 -490 -484 -320 -754 976 -574 -946 413 -444 -936 -547 -650 -195 207 -108 674 -470 154 178 303 567 -457 -638 -557 953 863 682 286 156 -82
162 795 -261 616 -170 245 727 923 -178 -895 984 764 -670 -354 -768 -997 172 807 -182 779 -734 616 -481 -680 -728 -676 41 -61 140 -559 -717 -826 266 -824 -219
-793 -832 648 356 238 910 477 -301 519 116 -799 23 278 95 626 -621 687 889 -975 -888 -313 -206 -278 -29 -13 -406 -460 -62 -75 -706 -537 778 10 -174 -330 -678 36 -536 892 926 448 201 547 459 -503 -178 -87 765 -72 54 -256 -898 -986 -789 628 -492
74 262 372 -895 -68 761 -730 -756 130 -685 166 422 317 536 572 839 715 -313 -224 -775 972 -746 263 726 288 234 -31 378 579 -833 -439 783 313 -58 -356 -879 557 -803 932 -316 491 -892 -260 -765 -281 -823 729 225 -330 -617 -979 48 588 903 -118 -431 -773 26 -144 832 -991 -81 978 888 312 619 733 423 644 -905
-717 903 222 288 -326 -22 744 -606 -53 -816 170 -161 -898 962 539 322 -758 339 -130 -403 56 161 -270 -934 -856 776 -655 235 -152 139 -464 -231 189 -563 -938 -688 -346 -147 342 -443 601 -302 956 -574 -50 -825 877 292 -165 115 334 979 830 639 873 -699 -842 173 -230 973 84 -602 -601 618 -649 -784 -727 856
-633 365 328 -892 413 -252 -814 -167 -745 -810 446 72 -63 919 -297 543 210 -402 682 257 747 -228 309 865 -240 -996 532 39 -719 -753 -427 -720 -812 605 -531 -194 594 364 37 690 243 -39 -930 43 -406 -705 -103 -227 -452 -267 838 892 -102 -354 -569
944 195 -583 211 440 -727 -799 67 -607 -794 1 665 820 117 944 209 -323 561 -948 651 740 324 -84 -661 871 704 883 204 -73 319 -22 358 911 614 442 772 221 188 472 567 -274 -985 -60 605 -482 -160 9 -269 -483 820 -966 730 -568 844 -217
-150 14 -321 -205 -925 197 -701 -358 268 -800 -250 884 -563 193 328 385 95 933 766 -931 917 310 -18 -785 133 -377 871 191 -181 174 -449 -580 873 386 336 -836 -307 220 -705
-687 -824 -578 -253 869 -860 134 380 392 -206 -494 250 17 897 -511 683 319 102 -610 -367 393 85 481 -495 -806 56 -682 939 900 909 -505 -733 982 -635 621 -344 930 -703 -188 -792 -667 362 976 -319 -365 607 953 267 314 13 785 -851 -224 194 -519 -982 -263 -7 -147 -568 -169 860 605
-721 929 662 -848 487 380 790 822 -224 314 -846 -581 88 -860 383 -372 769 273 -896 260 -619 -59 -557 814 -543 970 827 -187 -910 -444 -90 -490 -930 -650 712 -66 556 -2 54 -132 625 -493 497 -38 -149 -654 291 351 732 939 525 909 -918 192 -272 -483 -342 459 -600 -878 430 605
-374 -174 815 -395 -613 -909 155 327 451 -872 908 -406 -447 258 747 -888 -330 -508 534 600 -624 446 -231 351 -973 -245 -672 -491 683 -145 327 718 -72 -453 606 833 -896 -379 118 -140 -185 -301 -12 894 792 -758 584 564 982 240 -717 -625 -427 -330 337 -95 288 -690 -749 41 156 -61 -959 139 -742 -402 -436 -991 319 -436 -905 -135
-179 558 376 21 413 803 -355 568 -819 894 -859 -596 -182 868 -256 -21 -271 -3 286 -276 700 -885 -51 -867 706 748 -246 16 21 337 -506 398 955 760 -303 -219 966 83 633 -943 -665 7 -656 -741 975 -4 550 586 274 255 -586 528 -843 657 -775 -206 633 -301 962 -534 -38 449 -452 -26 -968 -779 217 176 -277
84 -716 884 241 -610 382 966 -832 831 -950 979 272 104 812 61 -662 235 -751 864 186 365 -719 669 -756 402 429 86 -30 560 462 73 -490 -456 -698 -400 743 -801 -464 870 -290 997 13 271
-443 -506 -950 317 956 -345 914 -605 -788 -386 338 -921 988 682 -75 -781 967 189 -509 479 -382 -437 -945 190 768 -895 960 892 908 326 -674 669 305 541 -643 115 -148 780 185 -404 7 771 982 304 -900 -548 -19 151 757 251 188 -85 662 754 749 896
-475 266 -539 -933 77 721 -512 -304 -331 -731 -88 -864 99 800 285 851 -116 -72 -935 142 515 992 -487 -992 -740 -963 962 878 84 -516 -908 -370 -569 866 503 -465 147 747 -571 -670 -193 -127 604 -44 -889 -989 657 812 -898 979 -379 -142 977 -5 795 962 702 275 936 348 -432 427 196 251 -849
-2 919 516 -259 -861 -720 111 569 653 -572 382 -887 31 68 91 -769 163 494 829 -320 912 671 -603 651 399 618 298 396 950 827 -173 -12 934 -284 488 -863 174 -682 248 -66 -930 -337 894 179 -340 234 -891 26 -764 808 978 -702 583 -767 947 994 974 -13 -751 8 -739 -346 799 775
981 843 915 -256 341 699 950 -940 -825 -70 -740 1 -799 -88 -373 749 145 -399 320 802 -165 -205 615 219 449 -650 -919 550 -796 -31 724 110 -440 150 -286 180 244 -603 737 -14 937 -432 -673 -38 415 751 361 359 -613 454 -635 -282 968 -304 876 -576 -784 -762 -818 580 656 911
374 395 92 -969 943 531 403 647 -473 -826 -621 -130 -465 762 -490 -352 218 -526 -456 -75 -116 836 524 -781 776 -165 -687 -622 -977 -346 560 444 737 604 -606 610 688 109 364 681 196 499 693 -889 -969 -768 -931 -464 -313 -610 -838 -733 633 -487 425 -744 862 866 863 272 -854 150 -161 -467 230 779 739 -315 -720 -795 476
-525 -715 416 -899 922 -534 -298 -798 702 -465 -421 106 -670 855 417 929 -891 674 242 -957 817 860 -439 7 355 -374 395 -178 29 538 -779 -48