-727 -595 N/A -303 N/A 37 253 N/A 852 N/A -618 N/A 638 556 N/A 510 509 -127 579 N/A -789 981 314 -500 496 140 655 116 154 821 448 -329 N/A 50 -87 N/A 650 N/A -230 475 -538
-809 -395 -485 441 N/A 305 N/A -343 N/A 441 -38 -481 N/A 925 N/A 206 -865 101 -703 -256 655 N/A 577 388 694 231 -316 -419 -326 383 735 N/A 199 -973 -474 N/A -409 N/A -362 -717 N/A -300 N/A 846 370 N/A -897 N/A -105 198 466 -992 842 235 650 981 93 N/A -503 -600 N/A 304 713
-742 540 961 -624 -631 -778 N/A 345 N/A 535 N/A 338 N/A 480 -818 158 80 N/A -300 465 -502 231 183 N/A -579 785 -942 N/A -99
-306 780 N/A 396 824 283 N/A 229 408 -465 N/A -626 -763 N/A -147 133 421 -567 328 -766 N/A 656 382 N/A 451 23 N/A 557 391 637 -199 537 720 -982 N/A 925 -640 868 -930 N/A 297 N/A -577 332 -647 496 N/A -935 -490 -162 N/A -584 N/A -547 924 N/A 841 802 293 -316 N/A 626 -129
406 N/A 419 -414 N/A -924 N/A -180 -987 -333 N/A -170 N/A 725 -879 156 -526 N/A -356 568 N/A -157 N/A -840 107 214 996 -610 N/A 713 315 954 490 -171 976 710 -530 691 N/A -667 N/A 300 234 321 -307 947 N/A 804 650 -739
68 N/A -437 N/A 847 745 N/A -903 -327 N/A -908 -803 -894 416 760 305 N/A 636 N/A 156 -405 -522 996 -707 842 -418 561 179 N/A -700 N/A 665
333 -48 N/A -648 N/A 988 683 210 788 474 610 136 N/A -536 -608 N/A 531 -253 N/A 455 994 N/A 780 -305 241 813 869 -694 -220 N/A -493 -528 N/A -32 N/A -529 831 134 N/A -364 393 772 287 -361 -384 N/A 815 196 646 N/A -88 -617 N/A 492 N/A 535 9 -830 289 505 -854 N/A -416 N/A -599 N/A 912 -503 254 N/A -172 293 -158 -600 -984
615 -560 860 832 N/A 987 -669 881 N/A 744 N/A 643 -487 -960 -937 N/A 86 N/A -408 -854 -207 737 -595 N/A -998 185 N/A -597 168 754 N/A -162 -954 31 N/A 226 873 N/A -840 N/A -259 N/A -381 N/A 31 766 N/A -641 485 -382 N/A -467 -329 690 809 122 784 -993 757 -909 -601 -511 N/A 708 -74 -62
-756 -679 N/A 22 -10 N/A -474 420 -511 -511 N/A -893 -822 N/A -198 972 -238 N/A 564 -688 -872 965 716 837 N/A -842 N/A -602 N/A -195 N/A -232 482 794 713 753 N/A -68 939 N/A -467 970 -441 -225 N/A 589 422 211 -403 899 374
-304 622 N/A 866 -47 676 N/A -628 -649 549 -863 25 -332 N/A -653 896 -178 -995 810 N/A -261 N/A 662 -914 N/A 84 252 N/A 814 N/A -149 N/A 447 25 -978 567 N/A -687 739 -745 -603 -856
-889 164 -446 -244 N/A 535 368 N/A 12 945 N/A 626 N/A -786 444 184 532 184 N/A 8 -119 -142 N/A 287 -963 516 N/A -199 -364 -499
475 636 N/A 790 -880 883 -434 -562 410 665 N/A 664 -805 N/A 798 76 -789 -621 -339 -216 N/A -178 N/A -449 N/A 667 -442 312 -848 -554 -985 N/A 905 N/A 412 535 N/A -557 N/A -452 122 N/A -584 -850 -331 N/A -887 -780 N/A -296 -872 N/A 734 334 -815 -985 10 -706 -809 -138 88 -946 N/A -648 N/A 208 -370
902 N/A 851 734 N/A -75 -768 -512 232 N/A 119 -432 N/A -2 -985 -118 N/A -780 -500 -963 N/A -298 -526 764 -587 -469 -439 956 -482 -706 N/A 315 N/A -690
-33 -877 302 280 -165 670 -77 901 -153 936 558 -217 N/A -69 N/A 269 -476 N/A -107 -816 597 N/A -441 251 -658 -446 -167 N/A -218 N/A 14 N/A 247 -869 N/A -826 N/A 713 -248 -59 -88 N/A 941 N/A 217 N/A 161 879 -94 N/A 158 -17 N/A 462 -884 -83 -53 -110 N/A -808
924 -275 639 N/A -721 568 -438 708 N/A -572 -881 619 686 668 864 857 N/A 713 N/A -603 N/A 102 685 -471 276 N/A -98 N/A -698 880 -962 932 -577 474 -110 300 N/A 683 -264 610 -41 N/A -107 -391 N/A 174 -955 -798 466 N/A -436 N/A 25 N/A -189 -121 -425 898 N/A 853 -1000 N/A -457 N/A 108 N/A 235 732 N/A 765 582 -316 755
-127 N/A 360 144 619 N/A -736 N/A 90 231 -220 113 -162 N/A 102 -614 -910 N/A -353 507 513 -723 -922 -224 N/A -712 894
146 -217 -429 983 84 -647 N/A -787 830 N/A -624 555 -524 -41 -687 -561 N/A 238 903 N/A 947 -441 N/A 877 N/A 822 N/A 180 N/A 108 -260 -736 -544 N/A 769 326 N/A -74 132 511 N/A -400 N/A 835 130 -178 -571 4 -324 196 -654 N/A 460 N/A 237 -43 N/A -71 891 939
98 -952 -932 -608 -659 -159 826 N/A -55 -16 N/A 756 N/A 513 -509 -29 -286 96 85 N/A 637 371 N/A -978 -204 N/A -373 N/A -466 N/A 572 840 84 N/A 741 565 N/A 294 -462 -140
471 933 942 -975 N/A -366 -418 -117 649 -515 149 N/A 166 165 -588 293 N/A -414 N/A -435 N/A 895 -729 -995 919 N/A 980 -729 N/A 985 N/A -194 895 72 -963
-540 135 N/A 976 N/A 938 244 -25 398 275 -758 N/A 356 N/A -291 876 959 262 -34 N/A 450 N/A 423 3 N/A 381 N/A 63 205 567 N/A -173 -297 -748 -706 -901 371 582 -508 205 948 -613 N/A 466 241 -955 N/A 936 -487 N/A 674 N/A -186 N/A 668 342 176 -217 -677 -478 N/A 902 944 -445 N/A 834 N/A -959 513 -604 N/A -8 -377
-518 -892 -249 -414 -437 -555 N/A -815 347 382 N/A -427 N/A -837 609 -964 N/A -735 -684 -260 67 848 -209 N/A -381 -509 -118 -766 N/A 197 -915 N/A -273 -639 838 N/A -290 N/A -707 -154 893 N/A 698 775 785 N/A -323
67 -84 N/A 62 N/A 58 -387 N/A 878 N/A 595 491 386 -846 N/A -314 -224 852 N/A -683 -160 -39 159 689 -842 N/A -866 639 38 N/A -679 -229 N/A -693 -473 -812
573 N/A 362 -531 451 234 661 245 -860 -618 N/A 117 N/A -264 999 N/A -349 -992 N/A 336 -349 304 N/A 513 N/A 386 -666 -186 -258 -898 N/A -649 -173 N/A 504 N/A -637 537 N/A -441 -119 N/A 509 N/A 256 -993 757 -104 665 -943 N/A 848 N/A -999 -760 47 659 -577 -379 N/A -808 N/A -269 531 764 -192 493 886 -893 -139 411 N/A -11 -534
820 593 687 N/A -50 -616 647 -354 N/A -545 -500 277 N/A 862 887 N/A -520 -110 -605 N/A -185 866 -347 N/A -469 N/A -959 N/A -578 85 -233 389 80 892 N/A 226
-943 542 N/A -245 N/A 525 N/A -665 N/A 410 N/A -397 -78 -538 996 N/A -429 N/A -631 -310 902 N/A -985 -944 790 748 N/A -167 511 -580 716 N/A -481 -563 -71 112 N/A -630 -458 44 739 -430 -389 -130 777 873 -780 N/A 498 N/A 393 -268 -985 363
-602 -663 500 481 -563 337 N/A -256 -283 -128 -196 N/A 494 344 -591 942 -316 -373 -240 N/A 297 N/A -485 N/A 501 N/A -147 -558 -67 N/A 602 N/A -812 -671 N/A -312 N/A 698 -477 N/A -877 -842 356 N/A -867 -845 N/A 567 993 664 957 N/A 124 175 -820 -228 530 -724 -41 777 N/A 795 N/A -100 888 732 N/A -501 581
-763 -678 -743 -325 849 N/A 668 -569 434 319 N/A 989 N/A -586 N/A 724 786 -749 N/A -963 N/A 188 N/A -95 -528 -844 735 29 86 -895 -200
865 -645 702 354 -621 N/A -863 -535 78 -585 N/A -366 349 560 -751 672 N/A -855 N/A -214 -689 508 N/A -148 -719 N/A -28 565 545 194 906 N/A -142 N/A 302
-591 250 N/A 900 -777 -328 616 -113 113 N/A -551 -939 510 179 -597 -749 N/A 965 -278 N/A -705 N/A -52 180 N/A 36 N/A -158 470 -900
326 -655 N/A 994 118 N/A 13 458 996 N/A -387 118 -147 13 758 N/A -433 130 N/A -724 N/A 170 -323 N/A -17 939 N/A 843 962 -936 N/A -827 N/A -337 805 -126 336 N/A 627 N/A 379 283 101 543 -426 512 -114 N/A -265 -905 790 -562 457 -735 N/A -285 702 -636 N/A -785 N/A 201 490 273 311 -94 -19 -418 N/A 30 581
-976 577 584 513 -672 -260 N/A 43 N/A 237 N/A -196 966 N/A 116 N/A -724 -394 N/A -873 883 -681 N/A 167 227 -33 -539 -971
-769 772 492 -82 821 N/A 671 -792 -726 -950 N/A -760 -138 288 N/A 675 N/A 743 -592 N/A 388 N/A -727 -640 N/A -549 N/A 386 -186 671 -731 -183 N/A 475 -350 -87 N/A -513 -36 -883 50
690 N/A 866 N/A -917 -368 431 N/A -187 N/A 185 N/A -818 160 -202 728 63 289 -622 -801 N/A -748 244 N/A -638 -297 N/A 265 -59 491 520 903 N/A 62 N/A 921 135 144 951 -380 -300 -680 -536 N/A 533 -705 N/A 340 742 294 777 -70 N/A 31 -118 821 -710 309 N/A -315 N/A 919 N/A -462 636 439 689 N/A 921 701 N/A -165 711
-44 -153 604 -471 N/A -904 -263 N/A 389 N/A -647 285 162 -867 N/A 357 -151 -846 -224 -328 N/A 569 889 N/A 745 99
652 N/A 941 97 -136 -591 N/A -586 -151 -648 -820 N/A 745 -547 -586 N/A 263 -335 424 N/A 204 N/A 396 N/A 434 -420 513 -518 618 N/A -701 -132 976 303 289 N/A -756 -321 N/A 942 -206 -89 N/A -787
593 989 N/A -966 728 85 288 860 -26 230 231 N/A 693 N/A 616 N/A 688 -402 N/A 972 N/A 350 N/A -120 983 -440 -719 74 432 N/A -376 -50 N/A 985 202 -776 438 -831 N/A -487 235 N/A -190 822 N/A -430 884 -668 -73 N/A 568 -888 896 N/A -437 N/A -881 394 N/A 385 237 -251 970 -502 -499 N/A 4 376 985 -776
-758 -434 N/A 584 N/A 160 841 N/A 538 N/A 976 155 N/A 520 -693 -291 N/A -528 254 -458 500 482 N/A 629 719 -992 8 N/A -511 N/A -890 -401 -991 N/A -92 120 -373 313 1 528 168 N/A 645 967 656 376 N/A 170 425 -508 471 -501 268 N/A 447 -770 -298 N/A 647 N/A 131 152 332
239 -172 470 N/A -6 -631 -146 N/A -598 649 -763 489 865 N/A -871 336 713 -61 879 550 -397 N/A 940 203 363 400 N/A -658 N/A 15 N/A 589 -448 160 -761 118 49 -671 506 -256 151 -787 N/A 619 -266 289 N/A 281 -751 N/A 393 -416 N/A -516 N/A 371 N/A 457 N/A -838 871 N/A -411
426 -995 677 910 -897 -557 162 -242 -78 N/A 959 N/A -129 724 N/A 500 -440 -744 N/A 298 716 N/A 731 -888 N/A -968 N/A -767 N/A -763 526 -889 -158 -945 842
-249 158 688 -939 864 865 644 N/A -880 N/A -897 372 N/A -301 -310 N/A 87 749 -316 N/A 291 N/A 494 -780 -22 761 729 215 N/A -441 672 N/A -837 -769 N/A -479 -454 539 N/A 708 -145 90 882 N/A 142
-868 -62 253 N/A 802 602 399 N/A 75 927 N/A 543 72 43 -347 667 -790 N/A 49 -818 578 -107 -355 408 214 N/A -471 -9 N/A -659 -108 N/A -768 N/A -845 205 -627 N/A 507 -344 -445 N/A -502 N/A -17 197 N/A 125 783 -627
677 619 N/A -23 201 613 890 391 589 336 -437 54 432 -559 693 922 316 317 78 -986 N/A 554 N/A 466 167 -564 N/A 553 N/A 180 838 N/A -927 335 N/A 29 -831 173 N/A -647 N/A -694 845 78 N/A 108 N/A -749 N/A -429 804 -500 N/A 579 N/A -764 N/A -853 -853 484 N/A -356 933 227 797 -202 N/A 161 N/A 793 555 -562 -779
258 -686 -144 N/A -410 207 -496 373 N/A -905 385 893 490 N/A -112 -758 N/A -804 N/A 355 868 -137 -772 -876 N/A -109 859 512 322 642 N/A -328 N/A -28 -339 N/A -194 N/A -3 80 -83 -27 339 N/A 519 -202 N/A -336 917 828 N/A -727 -861 -99 898 -695 N/A -847 -81
292 39 -151 120 734 -638 224 N/A 605 -430 456 944 498 932 670 N/A -324 N/A 869 N/A 278 N/A -688 840 910 989 N/A 856 N/A -11 -769 N/A -6 -596 N/A 559 -26 N/A 200 679 -191 -543 N/A -529 74 -675 N/A 516 -758 -436 N/A 784 298 -477 -30
-12 250 313 N/A 100 299 100 945 -570 90 N/A 672 455 -36 595 N/A -913 N/A -924 N/A -996 N/A 89 -653 855 -141 -904 452 351 501 48 -233 N/A 987 N/A 337 N/A 251 -452 N/A -990 -568 N/A 672 -5
425 166 N/A 909 98 -650 N/A -744 -833 308 N/A 172 -385 0 N/A -589 409 862 N/A 414 293 N/A 364 986 525 -853 325 -572 N/A -179 N/A 622
486 -571 -681 -84 N/A 799 -970 N/A -257 N/A 75 -601 -968 833 -218 N/A -819 N/A 175 N/A -758 665 N/A -856 -374 757 N/A 232 N/A -342 -15 594 N/A 959 809 -843 903 257 -217 -212 -111 N/A -819 879 751 530
240 -580 136 638 N/A 667 -363 N/A 498 992 -492 919 967 N/A 903 662 -302 N/A 712 304 N/A 691 525 N/A 391 N/A 491 N/A -479 -305 N/A 865 62 539 96 N/A -644 N/A 638 -710 -955 -605 268 N/A -433 -472 -578 -582 -169 534 -762 N/A 73
-151 N/A 527 -794 -150 494 -573 N/A 975 668 -41 276 N/A 53 N/A 298 305 200 -533 -442 N/A -87 -94 -766 -562 N/A -242 953 803 -280 736 N/A 334 681 68 N/A 687 802 -977 -160 N/A -182 N/A -854 N/A -59 -789 647 N/A -682 -274 N/A -933 -464 934 -407 N/A -508 -732 N/A -925
-791 520 -904 N/A -410 N/A -853 N/A 137 -104 93 N/A 580 -228 N/A -594 -253 -779 N/A -845 786 N/A 53 -622 -292 -528 97 N/A 166 -627 N/A 197 992 591 -425 70 -438
-551 -19 274 -277 N/A -894 N/A -535 872 N/A -743 -948 -374 -230 N/A 251 -989 -88 213 -293 21 N/A -297 N/A -36 366 N/A 894 -76 N/A 930 N/A 375 981 196 924 N/A 996 N/A 248 -80 N/A -492 998 201 276 -444 -841 -883 N/A 908 452 152 -496 -673 N/A 458
754 -362 N/A -199 N/A 199 N/A 693 N/A 575 N/A -771 939 N/A -500 417 852 -807 65 369 336 445 -89 822 -78 -723 N/A 306 N/A -65 -989 N/A 710 678 775 -194
-552 852 N/A 276 596 44 N/A -639 -593 -516 -884 -510 N/A 837 N/A 200 -835 179 520 -530 N/A 584 N/A -222 477 -336 N/A -489 N/A -788 839 180 N/A 789 N/A 468 -6 -421 -792 -949 -31 -603 -257 -874 -924 N/A 989
256 577 251 -545 -870 -972 422 -462 166 N/A -297 -646 N/A -103 20 N/A -693 378 -418 621 464 N/A 868 -146 N/A -452 518 N/A -354 N/A -627 N/A 250 921 243 855 N/A -755 -592 297 N/A -502 835 888 -677 -783 -586 -789 N/A -961 N/A 94 N/A 490 -21 N/A 557
-441 N/A 504 -767 120 802 360 341 945 715 465 -543 53 N/A -824 -943 168 N/A -188 N/A -220 -680 N/A -784 773 N/A -148 715 N/A -517 N/A -834 N/A -420 237 400
873 N/A 628 -722 -637 170 -422 361 N/A -413 N/A 7 -48 309 546 -69 N/A 845 528 N/A -80 -613 N/A -613 -233 N/A 312 -192 529 521 -74 N/A 595 -643 N/A 492 254 N/A 85 -946 N/A -311 -987 N/A 331 -800 -289 -210 118 512 2 227 230 -440 N/A 586 N/A -30 564 N/A 33 N/A 701 21 674 46 N/A 903 -637 843 -53 N/A -824
928 N/A -627 705 796 -370 -833 -821 -82 N/A -141 845 -13 N/A 953 -262 -69 N/A 343 N/A 147 N/A -371 N/A 354 N/A 21 518 494 594 128 -405 -998 -344 N/A 291
111 967 9 -538 N/A -517 N/A -61 261 N/A -145 121 N/A 672 660 714 N/A 181 -241 N/A -277 905 N/A -953 -409 779 N/A 871 19 352 542 -993
333 691 N/A -472 -652 N/A 177 967 680 -738 892 -771 -199 -42 388 N/A -710 527 N/A -831 794 N/A -877 -619 -615 N/A -286 782 598 -739 -762 N/A -326 N/A -337 -882 N/A -86 -81
-714 N/A -40 611 N/A 800 N/A -272 914 N/A -152 267 N/A 333 38 704 -356 N/A -975 252 -572 -257 -474 -391 -941 N/A 132 120 -273 184 272 -981 N/A 224 -200 470 N/A -556 -53 -127 131 -43 -989 N/A -818 -445 N/A 574 -834 N/A 402 N/A -38 212 N/A 569 -183 -242 823 N/A 782 -546 N/A -570 N/A 227 271 N/A 430 -886 15 98 204
-271 N/A 694 265 -77 -886 N/A -500 N/A 477 -882 -958 362 N/A -583 576 -482 -465 N/A 54 N/A -90 -260 799 -966 344 575 N/A -265 433 705 19 -691 713 -794 461 N/A 121 719 -446 787 N/A -468 N/A 960 N/A -981 N/A 191 N/A -681 N/A 891 -226 889 174 560 N/A -380 -823
107 -824 415 -94 N/A 376 N/A -412 660 -680 -711 N/A -363 -900 -753 -851 483 -198 -956 258 -566 529 N/A -4 -326 -783 -19 N/A 122 N/A 87 311 N/A -358 -770 N/A 278 N/A 54 N/A 704 -310 N/A -528 -566 -170 -545 N/A -522 N/A 689 -129 77 -583 N/A 1 352 N/A 329 981 529 296
-327 N/A -926 824 -226 387 232 N/A 413 N/A -949 -175 104 -984 -853 N/A 588 N/A -421 269 -660 -232 745 N/A -931 N/A -108 N/A 927 N/A -879 229 N/A 989 -877 N/A 967 -422 189 -317 N/A -682 N/A 686 947 -845 -293 -314 623 N/A 756 -338 -31 N/A 591 N/A 472 195 254 -890 N/A -958 52 625 -953 -250 483 203 -423